main

ID =

     1
     2
     3
     4
     5
     6
     7
     8
     9
    10
    11
    12
    13
    14
    15

qun (mm):
    0.1779
   -0.4865
   -2.7220

Qun (kN):
  -76.3908
 -305.5633
  152.7816
  170.8275
 -227.7701
  113.8850
 -470.8275
  627.7701
  156.9425
  176.3908
  705.5633
  176.3908

